dowy	Date	Month	Day	Macon Q (cfs)	Bluff Q est (cfs)
1	10/1/2011	10	1	125	35.8
2	10/2/2011	10	2	116	33.2
3	10/3/2011	10	3	111	31.8
4	10/4/2011	10	4	106	30.4
5	10/5/2011	10	5	95.4	27.3
6	10/6/2011	10	6	90.9	26
7	10/7/2011	10	7	86.9	24.9
8	10/8/2011	10	8	84.3	24.1
9	10/9/2011	10	9	79.9	22.9
10	10/10/2011	10	10	76.9	22
11	10/11/2011	10	11	75.7	21.7
12	10/12/2011	10	12	75.2	21.5
13	10/13/2011	10	13	76.4	21.9
14	10/14/2011	10	14	79.2	22.7
15	10/15/2011	10	15	79.3	22.7
16	10/16/2011	10	16	70.5	20.2
17	10/17/2011	10	17	64.6	18.5
18	10/18/2011	10	18	63.6	18.2
19	10/19/2011	10	19	61.7	17.7
20	10/20/2011	10	20	60.5	17.3
21	10/21/2011	10	21	60.5	17.3
22	10/22/2011	10	22	60.1	17.2
23	10/23/2011	10	23	58.4	16.7
24	10/24/2011	10	24	59.6	17.1
25	10/25/2011	10	25	64.4	18.4
26	10/26/2011	10	26	63.3	18.1
27	10/27/2011	10	27	61.4	17.6
28	10/28/2011	10	28	61.3	17.6
29	10/29/2011	10	29	62	17.8
30	10/30/2011	10	30	64.2	18.4
31	10/31/2011	10	31	63.6	18.2
32	11/1/2011	11	1	62.5	17.9
33	11/2/2011	11	2	62.5	17.9
34	11/3/2011	11	3	63.3	18.1
35	11/4/2011	11	4	65.3	18.7
36	11/5/2011	11	5	70	20.1
37	11/6/2011	11	6	71.1	20.4
38	11/7/2011	11	7	71.1	20.4
39	11/8/2011	11	8	71.4	20.5
40	11/9/2011	11	9	71.1	20.4
41	11/10/2011	11	10	70.5	20.2
42	11/11/2011	11	11	67.7	19.4
43	11/12/2011	11	12	65.5	18.8
44	11/13/2011	11	13	64.3	18.4
45	11/14/2011	11	14	64.7	18.5
46	11/15/2011	11	15	65.8	18.8
47	11/16/2011	11	16	68.9	19.7
48	11/17/2011	11	17	75.7	21.7
49	11/18/2011	11	18	87.8	25.2
50	11/19/2011	11	19	79.2	22.7
51	11/20/2011	11	20	75.6	21.7
52	11/21/2011	11	21	76.6	21.9
53	11/22/2011	11	22	85.6	24.5
54	11/23/2011	11	23	90.4	25.9
55	11/24/2011	11	24	95.4	27.3
56	11/25/2011	11	25	93.3	26.7
57	11/26/2011	11	26	85.9	24.6
58	11/27/2011	11	27	112	32.1
59	11/28/2011	11	28	146	41.8
60	11/29/2011	11	29	161	46.1
61	11/30/2011	11	30	184	52.7
62	12/1/2011	12	1	217	62.2
63	12/2/2011	12	2	194	55.6
64	12/3/2011	12	3	162	46.4
65	12/4/2011	12	4	136	39
66	12/5/2011	12	5	121	34.7
67	12/6/2011	12	6	118	33.8
68	12/7/2011	12	7	136	39
69	12/8/2011	12	8	153	43.8
70	12/9/2011	12	9	156	44.7
71	12/10/2011	12	10	151	43.3
72	12/11/2011	12	11	149	42.7
73	12/12/2011	12	12	142	40.7
74	12/13/2011	12	13	133	38.1
75	12/14/2011	12	14	126	36.1
76	12/15/2011	12	15	126	36.1
77	12/16/2011	12	16	163	46.7
78	12/17/2011	12	17	304	87.1
79	12/18/2011	12	18	343	98.3
80	12/19/2011	12	19	381	109.1
81	12/20/2011	12	20	413	118.3
82	12/21/2011	12	21	350	100.3
83	12/22/2011	12	22	383	109.7
84	12/23/2011	12	23	897	257
85	12/24/2011	12	24	859	246.1
86	12/25/2011	12	25	1250	358.1
87	12/26/2011	12	26	2060	590.1
88	12/27/2011	12	27	4430	1269
89	12/28/2011	12	28	4230	1211.7
90	12/29/2011	12	29	3280	939.6
91	12/30/2011	12	30	2260	647.4
92	12/31/2011	12	31	2150	615.9
93	1/1/2012	1	1	1900	544.3
94	1/2/2012	1	2	1700	487
95	1/3/2012	1	3	1300	372.4
96	1/4/2012	1	4	850	243.5
97	1/5/2012	1	5	456	130.6
98	1/6/2012	1	6	374	107.1
99	1/7/2012	1	7	324	92.8
100	1/8/2012	1	8	569	163
101	1/9/2012	1	9	876	250.9
102	1/10/2012	1	10	941	269.6
103	1/11/2012	1	11	1460	418.2
104	1/12/2012	1	12	1340	383.9
105	1/13/2012	1	13	969	277.6
106	1/14/2012	1	14	782	224
107	1/15/2012	1	15	640	183.3
108	1/16/2012	1	16	519	148.7
109	1/17/2012	1	17	432	123.8
110	1/18/2012	1	18	385	110.3
111	1/19/2012	1	19	368	105.4
112	1/20/2012	1	20	339	97.1
113	1/21/2012	1	21	326	93.4
114	1/22/2012	1	22	333	95.4
115	1/23/2012	1	23	1080	309.4
116	1/24/2012	1	24	1330	381
117	1/25/2012	1	25	697	199.7
118	1/26/2012	1	26	1290	369.5
119	1/27/2012	1	27	2410	690.4
120	1/28/2012	1	28	1690	484.1
121	1/29/2012	1	29	1330	381
122	1/30/2012	1	30	1180	338
123	1/31/2012	1	31	967	277
124	2/1/2012	2	1	818	234.3
125	2/2/2012	2	2	748	214.3
126	2/3/2012	2	3	732	209.7
127	2/4/2012	2	4	1200	343.8
128	2/5/2012	2	5	2610	747.7
129	2/6/2012	2	6	2450	701.8
130	2/7/2012	2	7	1930	552.9
131	2/8/2012	2	8	1890	541.4
132	2/9/2012	2	9	1830	524.2
133	2/10/2012	2	10	1380	395.3
134	2/11/2012	2	11	975	279.3
135	2/12/2012	2	12	782	224
136	2/13/2012	2	13	661	189.3
137	2/14/2012	2	14	641	183.6
138	2/15/2012	2	15	838	240.1
139	2/16/2012	2	16	2240	641.7
140	2/17/2012	2	17	2600	744.8
141	2/18/2012	2	18	1820	521.4
142	2/19/2012	2	19	2970	850.8
143	2/20/2012	2	20	3500	1002.6
144	2/21/2012	2	21	2620	750.5
145	2/22/2012	2	22	2070	593
146	2/23/2012	2	23	1970	564.3
147	2/24/2012	2	24	1490	426.8
148	2/25/2012	2	25	1090	312.2
149	2/26/2012	2	26	832	238.3
150	2/27/2012	2	27	671	192.2
151	2/28/2012	2	28	569	163
152	2/29/2012	2	29	517	148.1
153	3/1/2012	3	1	1180	338
154	3/2/2012	3	2	1140	326.6
155	3/3/2012	3	3	1270	363.8
156	3/4/2012	3	4	1320	378.1
157	3/5/2012	3	5	945	270.7
158	3/6/2012	3	6	826	236.6
159	3/7/2012	3	7	679	194.5
160	3/8/2012	3	8	564	161.6
161	3/9/2012	3	9	2420	693.2
162	3/10/2012	3	10	3800	1088.5
163	3/11/2012	3	11	3210	919.5
164	3/12/2012	3	12	2270	650.3
165	3/13/2012	3	13	2320	664.6
166	3/14/2012	3	14	2480	710.4
167	3/15/2012	3	15	2200	630.2
168	3/16/2012	3	16	1420	406.8
169	3/17/2012	3	17	954	273.3
170	3/18/2012	3	18	711	203.7
171	3/19/2012	3	19	567	162.4
172	3/20/2012	3	20	481	137.8
173	3/21/2012	3	21	429	122.9
174	3/22/2012	3	22	2180	624.5
175	3/23/2012	3	23	5410	1549.7
176	3/24/2012	3	24	6320	1810.4
177	3/25/2012	3	25	5760	1650
178	3/26/2012	3	26	5180	1483.9
179	3/27/2012	3	27	5690	1629.9
180	3/28/2012	3	28	5190	1486.7
181	3/29/2012	3	29	3860	1105.7
182	3/30/2012	3	30	1370	392.4
183	3/31/2012	3	31	1090	312.2
184	4/1/2012	4	1	1190	340.9
185	4/2/2012	4	2	1220	349.5
186	4/3/2012	4	3	1070	306.5
187	4/4/2012	4	4	772	221.1
188	4/5/2012	4	5	588	168.4
189	4/6/2012	4	6	475	136.1
190	4/7/2012	4	7	399	114.3
191	4/8/2012	4	8	341	97.7
192	4/9/2012	4	9	305	87.4
193	4/10/2012	4	10	274	78.5
194	4/11/2012	4	11	245	70.2
195	4/12/2012	4	12	222	63.6
196	4/13/2012	4	13	210	60.2
197	4/14/2012	4	14	200	57.3
198	4/15/2012	4	15	189	54.1
199	4/16/2012	4	16	176	50.4
200	4/17/2012	4	17	174	49.8
201	4/18/2012	4	18	256	73.3
202	4/19/2012	4	19	776	222.3
203	4/20/2012	4	20	1200	343.8
204	4/21/2012	4	21	1500	429.7
205	4/22/2012	4	22	1650	472.7
206	4/23/2012	4	23	1230	352.3
207	4/24/2012	4	24	662	189.6
208	4/25/2012	4	25	418	119.7
209	4/26/2012	4	26	311	89.1
210	4/27/2012	4	27	247	70.8
211	4/28/2012	4	28	206	59
212	4/29/2012	4	29	184	52.7
213	4/30/2012	4	30	167	47.8
214	5/1/2012	5	1	153	43.8
215	5/2/2012	5	2	143	41
216	5/3/2012	5	3	144	41.3
217	5/4/2012	5	4	165	47.3
218	5/5/2012	5	5	162	46.4
219	5/6/2012	5	6	153	43.8
220	5/7/2012	5	7	158	45.3
221	5/8/2012	5	8	184	52.7
222	5/9/2012	5	9	232	66.5
223	5/10/2012	5	10	264	75.6
224	5/11/2012	5	11	220	63
225	5/12/2012	5	12	259	74.2
226	5/13/2012	5	13	694	198.8
227	5/14/2012	5	14	892	255.5
228	5/15/2012	5	15	928	265.8
229	5/16/2012	5	16	914	261.8
230	5/17/2012	5	17	663	189.9
231	5/18/2012	5	18	456	130.6
232	5/19/2012	5	19	328	94
233	5/20/2012	5	20	248	71
234	5/21/2012	5	21	197	56.4
235	5/22/2012	5	22	168	48.1
236	5/23/2012	5	23	152	43.5
237	5/24/2012	5	24	133	38.1
238	5/25/2012	5	25	119	34.1
239	5/26/2012	5	26	111	31.8
240	5/27/2012	5	27	104	29.8
241	5/28/2012	5	28	98.2	28.1
242	5/29/2012	5	29	92.1	26.4
243	5/30/2012	5	30	86.2	24.7
244	5/31/2012	5	31	98.1	28.1
245	6/1/2012	6	1	303	86.8
246	6/2/2012	6	2	257	73.6
247	6/3/2012	6	3	250	71.6
248	6/4/2012	6	4	209	59.9
249	6/5/2012	6	5	177	50.7
250	6/6/2012	6	6	154	44.1
251	6/7/2012	6	7	135	38.7
252	6/8/2012	6	8	113	32.4
253	6/9/2012	6	9	97.3	27.9
254	6/10/2012	6	10	96.7	27.7
255	6/11/2012	6	11	105	30.1
256	6/12/2012	6	12	104	29.8
257	6/13/2012	6	13	134	38.4
258	6/14/2012	6	14	172	49.3
259	6/15/2012	6	15	156	44.7
260	6/16/2012	6	16	130	37.2
261	6/17/2012	6	17	114	32.7
262	6/18/2012	6	18	102	29.2
263	6/19/2012	6	19	90.2	25.8
264	6/20/2012	6	20	81.5	23.3
265	6/21/2012	6	21	74	21.2
266	6/22/2012	6	22	66.9	19.2
267	6/23/2012	6	23	62.5	17.9
268	6/24/2012	6	24	59.6	17.1
269	6/25/2012	6	25	57.3	16.4
270	6/26/2012	6	26	54.9	15.7
271	6/27/2012	6	27	52.2	15
272	6/28/2012	6	28	49.4	14.2
273	6/29/2012	6	29	48.9	14
274	6/30/2012	6	30	48.3	13.8
275	7/1/2012	7	1	47.8	13.7
276	7/2/2012	7	2	47.8	13.7
277	7/3/2012	7	3	59.4	17
278	7/4/2012	7	4	55.6	15.9
279	7/5/2012	7	5	47	13.5
280	7/6/2012	7	6	44.6	12.8
281	7/7/2012	7	7	45.3	13
282	7/8/2012	7	8	48.7	14
283	7/9/2012	7	9	70.2	20.1
284	7/10/2012	7	10	81.4	23.3
285	7/11/2012	7	11	89.7	25.7
286	7/12/2012	7	12	178	51
287	7/13/2012	7	13	534	153
288	7/14/2012	7	14	696	199.4
289	7/15/2012	7	15	578	165.6
290	7/16/2012	7	16	419	120
291	7/17/2012	7	17	304	87.1
292	7/18/2012	7	18	263	75.3
293	7/19/2012	7	19	854	244.6
294	7/20/2012	7	20	379	108.6
295	7/21/2012	7	21	1560	446.9
296	7/22/2012	7	22	1450	415.4
297	7/23/2012	7	23	530	151.8
298	7/24/2012	7	24	226	64.7
299	7/25/2012	7	25	163	46.7
300	7/26/2012	7	26	152	43.5
301	7/27/2012	7	27	168	48.1
302	7/28/2012	7	28	213	61
303	7/29/2012	7	29	216	61.9
304	7/30/2012	7	30	126	36.1
305	7/31/2012	7	31	102	29.2
306	8/1/2012	8	1	100	28.6
307	8/2/2012	8	2	119	34.1
308	8/3/2012	8	3	120	34.4
309	8/4/2012	8	4	107	30.7
310	8/5/2012	8	5	112	32.1
311	8/6/2012	8	6	141	40.4
312	8/7/2012	8	7	228	65.3
313	8/8/2012	8	8	163	46.7
314	8/9/2012	8	9	176	50.4
315	8/10/2012	8	10	188	53.9
316	8/11/2012	8	11	214	61.3
317	8/12/2012	8	12	362	103.7
318	8/13/2012	8	13	384	110
319	8/14/2012	8	14	275	78.8
320	8/15/2012	8	15	204	58.4
321	8/16/2012	8	16	188	53.9
322	8/17/2012	8	17	697	199.7
323	8/18/2012	8	18	1130	323.7
324	8/19/2012	8	19	993	284.5
325	8/20/2012	8	20	703	201.4
326	8/21/2012	8	21	513	147
327	8/22/2012	8	22	417	119.5
328	8/23/2012	8	23	300	85.9
329	8/24/2012	8	24	226	64.7
330	8/25/2012	8	25	175	50.1
331	8/26/2012	8	26	139	39.8
332	8/27/2012	8	27	119	34.1
333	8/28/2012	8	28	106	30.4
334	8/29/2012	8	29	95.3	27.3
335	8/30/2012	8	30	97.5	27.9
336	8/31/2012	8	31	122	34.9
337	9/1/2012	9	1	249	71.3
338	9/2/2012	9	2	261	74.8
339	9/3/2012	9	3	1140	326.6
340	9/4/2012	9	4	4090	1171.6
341	9/5/2012	9	5	4490	1286.2
342	9/6/2012	9	6	1880	538.5
343	9/7/2012	9	7	551	157.8
344	9/8/2012	9	8	346	99.1
345	9/9/2012	9	9	255	73
346	9/10/2012	9	10	199	57
347	9/11/2012	9	11	156	44.7
348	9/12/2012	9	12	128	36.7
349	9/13/2012	9	13	112	32.1
350	9/14/2012	9	14	102	29.2
351	9/15/2012	9	15	93	26.6
352	9/16/2012	9	16	87.6	25.1
353	9/17/2012	9	17	145	41.5
354	9/18/2012	9	18	1050	300.8
355	9/19/2012	9	19	799	228.9
356	9/20/2012	9	20	794	227.4
357	9/21/2012	9	21	475	136.1
358	9/22/2012	9	22	299	85.7
359	9/23/2012	9	23	216	61.9
360	9/24/2012	9	24	170	48.7
361	9/25/2012	9	25	141	40.4
362	9/26/2012	9	26	113	32.4
363	9/27/2012	9	27	97.5	27.9
364	9/28/2012	9	28	92.3	26.4
365	9/29/2012	9	29	89.4	25.6
366	9/30/2012	9	30	280	80.2
