Date	Month	Day	Macon Q (cfs)	Bluff Q est (cfs)
10/1/2011	10	01	125	35.8
10/2/2011	10	02	116	33.2
10/3/2011	10	03	111	31.8
10/4/2011	10	04	106	30.4
10/5/2011	10	05	95.4	27.3
10/6/2011	10	06	90.9	26.0
10/7/2011	10	07	86.9	24.9
10/8/2011	10	08	84.3	24.1
10/9/2011	10	09	79.9	22.9
10/10/2011	10	10	76.9	22.0
10/11/2011	10	11	75.7	21.7
10/12/2011	10	12	75.2	21.5
10/13/2011	10	13	76.4	21.9
10/14/2011	10	14	79.2	22.7
10/15/2011	10	15	79.3	22.7
10/16/2011	10	16	70.5	20.2
10/17/2011	10	17	64.6	18.5
10/18/2011	10	18	63.6	18.2
10/19/2011	10	19	61.7	17.7
10/20/2011	10	20	60.5	17.3
10/21/2011	10	21	60.5	17.3
10/22/2011	10	22	60.1	17.2
10/23/2011	10	23	58.4	16.7
10/24/2011	10	24	59.6	17.1
10/25/2011	10	25	64.4	18.4
10/26/2011	10	26	63.3	18.1
10/27/2011	10	27	61.4	17.6
10/28/2011	10	28	61.3	17.6
10/29/2011	10	29	62	17.8
10/30/2011	10	30	64.2	18.4
10/31/2011	10	31	63.6	18.2
11/1/2011	11	01	62.5	17.9
11/2/2011	11	02	62.5	17.9
11/3/2011	11	03	63.3	18.1
11/4/2011	11	04	65.3	18.7
11/5/2011	11	05	70	20.1
11/6/2011	11	06	71.1	20.4
11/7/2011	11	07	71.1	20.4
11/8/2011	11	08	71.4	20.5
11/9/2011	11	09	71.1	20.4
11/10/2011	11	10	70.5	20.2
11/11/2011	11	11	67.7	19.4
11/12/2011	11	12	65.5	18.8
11/13/2011	11	13	64.3	18.4
11/14/2011	11	14	64.7	18.5
11/15/2011	11	15	65.8	18.8
11/16/2011	11	16	68.9	19.7
11/17/2011	11	17	75.7	21.7
11/18/2011	11	18	87.8	25.2
11/19/2011	11	19	79.2	22.7
11/20/2011	11	20	75.6	21.7
11/21/2011	11	21	76.6	21.9
11/22/2011	11	22	85.6	24.5
11/23/2011	11	23	90.4	25.9
11/24/2011	11	24	95.4	27.3
11/25/2011	11	25	93.3	26.7
11/26/2011	11	26	85.9	24.6
11/27/2011	11	27	112	32.1
11/28/2011	11	28	146	41.8
11/29/2011	11	29	161	46.1
11/30/2011	11	30	184	52.7
12/1/2011	12	01	217	62.2
12/2/2011	12	02	194	55.6
12/3/2011	12	03	162	46.4
12/4/2011	12	04	136	39.0
12/5/2011	12	05	121	34.7
12/6/2011	12	06	118	33.8
12/7/2011	12	07	136	39.0
12/8/2011	12	08	153	43.8
12/9/2011	12	09	156	44.7
12/10/2011	12	10	151	43.3
12/11/2011	12	11	149	42.7
12/12/2011	12	12	142	40.7
12/13/2011	12	13	133	38.1
12/14/2011	12	14	126	36.1
12/15/2011	12	15	126	36.1
12/16/2011	12	16	163	46.7
12/17/2011	12	17	304	87.1
12/18/2011	12	18	343	98.3
12/19/2011	12	19	381	109.1
12/20/2011	12	20	413	118.3
12/21/2011	12	21	350	100.3
12/22/2011	12	22	383	109.7
12/23/2011	12	23	897	257.0
12/24/2011	12	24	859	246.1
12/25/2011	12	25	1250	358.1
12/26/2011	12	26	2060	590.1
12/27/2011	12	27	4430	1269.0
12/28/2011	12	28	4230	1211.7
12/29/2011	12	29	3280	939.6
12/30/2011	12	30	2260	647.4
12/31/2011	12	31	2150	615.9
1/1/2012	01	01	1900	544.3
1/2/2012	01	02	1700	487.0
1/3/2012	01	03	1300	372.4
1/4/2012	01	04	850	243.5
1/5/2012	01	05	456	130.6
1/6/2012	01	06	374	107.1
1/7/2012	01	07	324	92.8
1/8/2012	01	08	569	163.0
1/9/2012	01	09	876	250.9
1/10/2012	01	10	941	269.6
1/11/2012	01	11	1460	418.2
1/12/2012	01	12	1340	383.9
1/13/2012	01	13	969	277.6
1/14/2012	01	14	782	224.0
1/15/2012	01	15	640	183.3
1/16/2012	01	16	519	148.7
1/17/2012	01	17	432	123.8
1/18/2012	01	18	385	110.3
1/19/2012	01	19	368	105.4
1/20/2012	01	20	339	97.1
1/21/2012	01	21	326	93.4
1/22/2012	01	22	333	95.4
1/23/2012	01	23	1080	309.4
1/24/2012	01	24	1330	381.0
1/25/2012	01	25	697	199.7
1/26/2012	01	26	1290	369.5
1/27/2012	01	27	2410	690.4
1/28/2012	01	28	1690	484.1
1/29/2012	01	29	1330	381.0
1/30/2012	01	30	1180	338.0
1/31/2012	01	31	967	277.0
2/1/2012	02	01	818	234.3
2/2/2012	02	02	748	214.3
2/3/2012	02	03	732	209.7
2/4/2012	02	04	1200	343.8
2/5/2012	02	05	2610	747.7
2/6/2012	02	06	2450	701.8
2/7/2012	02	07	1930	552.9
2/8/2012	02	08	1890	541.4
2/9/2012	02	09	1830	524.2
2/10/2012	02	10	1380	395.3
2/11/2012	02	11	975	279.3
2/12/2012	02	12	782	224.0
2/13/2012	02	13	661	189.3
2/14/2012	02	14	641	183.6
2/15/2012	02	15	838	240.1
2/16/2012	02	16	2240	641.7
2/17/2012	02	17	2600	744.8
2/18/2012	02	18	1820	521.4
2/19/2012	02	19	2970	850.8
2/20/2012	02	20	3500	1002.6
2/21/2012	02	21	2620	750.5
2/22/2012	02	22	2070	593.0
2/23/2012	02	23	1970	564.3
2/24/2012	02	24	1490	426.8
2/25/2012	02	25	1090	312.2
2/26/2012	02	26	832	238.3
2/27/2012	02	27	671	192.2
2/28/2012	02	28	569	163.0
2/29/2012	02	29	517	148.1
3/1/2012	03	01	1180	338.0
3/2/2012	03	02	1140	326.6
3/3/2012	03	03	1270	363.8
3/4/2012	03	04	1320	378.1
3/5/2012	03	05	945	270.7
3/6/2012	03	06	826	236.6
3/7/2012	03	07	679	194.5
3/8/2012	03	08	564	161.6
3/9/2012	03	09	2420	693.2
3/10/2012	03	10	3800	1088.5
3/11/2012	03	11	3210	919.5
3/12/2012	03	12	2270	650.3
3/13/2012	03	13	2320	664.6
3/14/2012	03	14	2480	710.4
3/15/2012	03	15	2200	630.2
3/16/2012	03	16	1420	406.8
3/17/2012	03	17	954	273.3
3/18/2012	03	18	711	203.7
3/19/2012	03	19	567	162.4
3/20/2012	03	20	481	137.8
3/21/2012	03	21	429	122.9
3/22/2012	03	22	2180	624.5
3/23/2012	03	23	5410	1549.7
3/24/2012	03	24	6320	1810.4
3/25/2012	03	25	5760	1650.0
3/26/2012	03	26	5180	1483.9
3/27/2012	03	27	5690	1629.9
3/28/2012	03	28	5190	1486.7
3/29/2012	03	29	3860	1105.7
3/30/2012	03	30	1370	392.4
3/31/2012	03	31	1090	312.2
4/1/2012	04	01	1190	340.9
4/2/2012	04	02	1220	349.5
4/3/2012	04	03	1070	306.5
4/4/2012	04	04	772	221.1
4/5/2012	04	05	588	168.4
4/6/2012	04	06	475	136.1
4/7/2012	04	07	399	114.3
4/8/2012	04	08	341	97.7
4/9/2012	04	09	305	87.4
4/10/2012	04	10	274	78.5
4/11/2012	04	11	245	70.2
4/12/2012	04	12	222	63.6
4/13/2012	04	13	210	60.2
4/14/2012	04	14	200	57.3
4/15/2012	04	15	189	54.1
4/16/2012	04	16	176	50.4
4/17/2012	04	17	174	49.8
4/18/2012	04	18	256	73.3
4/19/2012	04	19	776	222.3
4/20/2012	04	20	1200	343.8
4/21/2012	04	21	1500	429.7
4/22/2012	04	22	1650	472.7
4/23/2012	04	23	1230	352.3
4/24/2012	04	24	662	189.6
4/25/2012	04	25	418	119.7
4/26/2012	04	26	311	89.1
4/27/2012	04	27	247	70.8
4/28/2012	04	28	206	59.0
4/29/2012	04	29	184	52.7
4/30/2012	04	30	167	47.8
5/1/2012	05	01	153	43.8
5/2/2012	05	02	143	41.0
5/3/2012	05	03	144	41.3
5/4/2012	05	04	165	47.3
5/5/2012	05	05	162	46.4
5/6/2012	05	06	153	43.8
5/7/2012	05	07	158	45.3
5/8/2012	05	08	184	52.7
5/9/2012	05	09	232	66.5
5/10/2012	05	10	264	75.6
5/11/2012	05	11	220	63.0
5/12/2012	05	12	259	74.2
5/13/2012	05	13	694	198.8
5/14/2012	05	14	892	255.5
5/15/2012	05	15	928	265.8
5/16/2012	05	16	914	261.8
5/17/2012	05	17	663	189.9
5/18/2012	05	18	456	130.6
5/19/2012	05	19	328	94.0
5/20/2012	05	20	248	71.0
5/21/2012	05	21	197	56.4
5/22/2012	05	22	168	48.1
5/23/2012	05	23	152	43.5
5/24/2012	05	24	133	38.1
5/25/2012	05	25	119	34.1
5/26/2012	05	26	111	31.8
5/27/2012	05	27	104	29.8
5/28/2012	05	28	98.2	28.1
5/29/2012	05	29	92.1	26.4
5/30/2012	05	30	86.2	24.7
5/31/2012	05	31	98.1	28.1
6/1/2012	06	01	303	86.8
6/2/2012	06	02	257	73.6
6/3/2012	06	03	250	71.6
6/4/2012	06	04	209	59.9
6/5/2012	06	05	177	50.7
6/6/2012	06	06	154	44.1
6/7/2012	06	07	135	38.7
6/8/2012	06	08	113	32.4
6/9/2012	06	09	97.3	27.9
6/10/2012	06	10	96.7	27.7
6/11/2012	06	11	105	30.1
6/12/2012	06	12	104	29.8
6/13/2012	06	13	134	38.4
6/14/2012	06	14	172	49.3
6/15/2012	06	15	156	44.7
6/16/2012	06	16	130	37.2
6/17/2012	06	17	114	32.7
6/18/2012	06	18	102	29.2
6/19/2012	06	19	90.2	25.8
6/20/2012	06	20	81.5	23.3
6/21/2012	06	21	74	21.2
6/22/2012	06	22	66.9	19.2
6/23/2012	06	23	62.5	17.9
6/24/2012	06	24	59.6	17.1
6/25/2012	06	25	57.3	16.4
6/26/2012	06	26	54.9	15.7
6/27/2012	06	27	52.2	15.0
6/28/2012	06	28	49.4	14.2
6/29/2012	06	29	48.9	14.0
6/30/2012	06	30	48.3	13.8
7/1/2012	07	01	47.8	13.7
7/2/2012	07	02	47.8	13.7
7/3/2012	07	03	59.4	17.0
7/4/2012	07	04	55.6	15.9
7/5/2012	07	05	47	13.5
7/6/2012	07	06	44.6	12.8
7/7/2012	07	07	45.3	13.0
7/8/2012	07	08	48.7	14.0
7/9/2012	07	09	70.2	20.1
7/10/2012	07	10	81.4	23.3
7/11/2012	07	11	89.7	25.7
7/12/2012	07	12	178	51.0
7/13/2012	07	13	534	153.0
7/14/2012	07	14	696	199.4
7/15/2012	07	15	578	165.6
7/16/2012	07	16	419	120.0
7/17/2012	07	17	304	87.1
7/18/2012	07	18	263	75.3
7/19/2012	07	19	854	244.6
7/20/2012	07	20	379	108.6
7/21/2012	07	21	1560	446.9
7/22/2012	07	22	1450	415.4
7/23/2012	07	23	530	151.8
7/24/2012	07	24	226	64.7
7/25/2012	07	25	163	46.7
7/26/2012	07	26	152	43.5
7/27/2012	07	27	168	48.1
7/28/2012	07	28	213	61.0
7/29/2012	07	29	216	61.9
7/30/2012	07	30	126	36.1
7/31/2012	07	31	102	29.2
8/1/2012	08	01	100	28.6
8/2/2012	08	02	119	34.1
8/3/2012	08	03	120	34.4
8/4/2012	08	04	107	30.7
8/5/2012	08	05	112	32.1
8/6/2012	08	06	141	40.4
8/7/2012	08	07	228	65.3
8/8/2012	08	08	163	46.7
8/9/2012	08	09	176	50.4
8/10/2012	08	10	188	53.9
8/11/2012	08	11	214	61.3
8/12/2012	08	12	362	103.7
8/13/2012	08	13	384	110.0
8/14/2012	08	14	275	78.8
8/15/2012	08	15	204	58.4
8/16/2012	08	16	188	53.9
8/17/2012	08	17	697	199.7
8/18/2012	08	18	1130	323.7
8/19/2012	08	19	993	284.5
8/20/2012	08	20	703	201.4
8/21/2012	08	21	513	147.0
8/22/2012	08	22	417	119.5
8/23/2012	08	23	300	85.9
8/24/2012	08	24	226	64.7
8/25/2012	08	25	175	50.1
8/26/2012	08	26	139	39.8
8/27/2012	08	27	119	34.1
8/28/2012	08	28	106	30.4
8/29/2012	08	29	95.3	27.3
8/30/2012	08	30	97.5	27.9
8/31/2012	08	31	122	34.9
9/1/2012	09	01	249	71.3
9/2/2012	09	02	261	74.8
9/3/2012	09	03	1140	326.6
9/4/2012	09	04	4090	1171.6
9/5/2012	09	05	4490	1286.2
9/6/2012	09	06	1880	538.5
9/7/2012	09	07	551	157.8
9/8/2012	09	08	346	99.1
9/9/2012	09	09	255	73.0
9/10/2012	09	10	199	57.0
9/11/2012	09	11	156	44.7
9/12/2012	09	12	128	36.7
9/13/2012	09	13	112	32.1
9/14/2012	09	14	102	29.2
9/15/2012	09	15	93	26.6
9/16/2012	09	16	87.6	25.1
9/17/2012	09	17	145	41.5
9/18/2012	09	18	1050	300.8
9/19/2012	09	19	799	228.9
9/20/2012	09	20	794	227.4
9/21/2012	09	21	475	136.1
9/22/2012	09	22	299	85.7
9/23/2012	09	23	216	61.9
9/24/2012	09	24	170	48.7
9/25/2012	09	25	141	40.4
9/26/2012	09	26	113	32.4
9/27/2012	09	27	97.5	27.9
9/28/2012	09	28	92.3	26.4
9/29/2012	09	29	89.4	25.6
9/30/2012	09	30	280	80.2
